RESIDUE_ID, RESIDUE_NAME, CHAIN, A3D_SCORE, AF_SCORE
8, L, A, 1.9473, 50.6000
11, S, A, 1.1846, 54.8900
12, I, A, 2.2056, 51.7900
14, S, A, 0.3284, 51.5300
52, T, A, 0.1743, 52.4600
53, C, A, 0.6337, 57.9000
54, P, A, 0.2119, 67.7600
55, P, A, 0.5824, 71.8700
56, C, A, 0.7007, 81.5300
57, F, A, 0.0092, 87.0200
58, N, A, -0.2866, 88.8300
59, C, A, -0.5897, 90.5700
60, M, A, 1.0102, 88.2700
61, L, A, 1.5198, 87.4300
62, P, A, 0.9505, 82.6400
63, I, A, 1.9426, 83.3200
64, F, A, 0.2598, 87.5100
65, E, A, -1.6629, 87.1700
66, C, A, 0.0000, 91.2400
67, K, A, -1.5140, 91.4400
68, Q, A, 0.0000, 91.2700
69, F, A, -0.6746, 91.6100
70, S, A, 0.0000, 90.3400
71, E, A, -2.7114, 89.2600
72, C, A, -1.8168, 91.3000
73, N, A, -1.2952, 88.7000
74, S, A, -0.0834, 88.0400
75, Y, A, 0.9304, 87.5400
76, T, A, -0.2751, 87.1300
77, G, A, 0.0000, 88.6200
78, R, A, -2.9629, 88.0500
79, C, A, -2.9453, 90.5500
80, E, A, -3.0991, 88.5500
81, C, A, -1.8485, 89.8900
82, I, A, -0.5859, 89.3500
83, E, A, -0.6873, 88.0900
84, G, A, 0.0000, 88.9400
85, F, A, 0.0000, 91.1800
86, A, A, -0.9554, 88.2500
87, G, A, -1.6472, 86.2600
88, D, A, -2.8121, 87.5400
89, D, A, -2.2263, 89.2700
90, C, A, 0.0000, 91.1200
91, S, A, -0.4241, 88.4300
92, L, A, 0.1612, 89.1000
93, P, A, 0.2358, 90.5500
94, L, A, 0.0000, 90.0500
95, C, A, 0.0000, 89.5900
96, G, A, 0.0000, 86.1000
97, G, A, -1.0908, 87.6500
98, L, A, -0.6344, 88.1400
99, S, A, -1.3746, 79.1300
100, P, A, -1.4539, 70.3500
101, D, A, -3.1523, 61.4600
102, E, A, -3.2834, 55.1700
103, S, A, -2.8731, 53.9800
104, G, A, -2.4288, 66.8200
105, N, A, -2.3190, 78.3800
106, K, A, -3.1410, 73.2300
107, D, A, -3.0669, 76.0300
108, R, A, 0.0000, 86.2100
109, P, A, -0.6580, 86.9600
110, I, A, 0.3076, 87.7400
111, R, A, 0.0000, 87.1900
112, A, A, -1.1816, 80.2900
113, Q, A, -2.0550, 73.3300
114, N, A, -2.8025, 72.7800
115, D, A, -2.8416, 80.6200
116, T, A, -1.7211, 84.1900
117, C, A, 0.0000, 86.3500
118, H, A, -1.6801, 87.0900
119, C, A, -1.4386, 89.9600
120, D, A, -2.4877, 89.8200
121, N, A, -2.3486, 91.0200
122, G, A, -1.7556, 90.4700
123, W, A, -1.5558, 93.2100
124, G, A, -1.1891, 92.1500
125, G, A, -0.5758, 90.6500
126, I, A, 0.0000, 91.2200
127, N, A, 0.0000, 91.2600
128, C, A, 0.0000, 92.1500
129, D, A, 0.0000, 91.0500
130, V, A, 0.0000, 93.7800
131, C, A, 0.0000, 94.2200
132, Q, A, -1.7246, 93.4100
133, E, A, -2.1571, 93.2400
134, D, A, -1.2812, 92.0400
135, F, A, 0.2251, 91.6400
136, V, A, 0.0000, 90.9900
137, C, A, 0.0000, 92.3800
138, D, A, -0.7967, 89.1000
139, A, A, -0.3562, 86.1800
140, F, A, -0.1423, 87.9300
141, M, A, -0.3010, 87.6200
142, P, A, -0.4147, 83.0000
143, D, A, -0.6905, 79.8600
144, P, A, -0.8810, 78.7000
145, S, A, -0.8536, 77.2600
146, I, A, 0.0000, 82.5200
147, K, A, -1.1356, 86.8900
148, G, A, 0.0000, 89.9600
149, T, A, -0.7008, 91.8700
150, C, A, 0.0000, 93.9900
151, Y, A, 0.0000, 92.2800
152, K, A, -1.5648, 90.3700
153, N, A, -1.9948, 82.9800
154, G, A, -1.1225, 76.8200
155, M, A, 0.0000, 85.1700
156, I, A, 0.0000, 90.6000
157, V, A, -1.0918, 88.6700
158, D, A, -2.5944, 89.8800
159, K, A, -1.9568, 92.0000
160, V, A, 0.0000, 93.3600
161, F, A, -0.4016, 94.7600
162, S, A, 0.0000, 93.5800
163, G, A, -0.9894, 93.3900
164, C, A, 0.0000, 94.2100
165, N, A, -1.1558, 94.1700
166, V, A, 0.0000, 93.0100
167, T, A, -1.1978, 91.2500
168, N, A, 0.0000, 89.4900
169, E, A, -2.1523, 86.6700
170, K, A, -1.4788, 82.4700
171, I, A, 0.0000, 84.3000
172, L, A, -0.6306, 86.4100
173, Q, A, -1.3867, 82.8000
174, I, A, 0.4640, 79.6100
175, L, A, 0.0000, 82.7600
176, N, A, -1.1247, 78.5800
177, G, A, -1.0663, 80.2100
178, K, A, -0.9564, 86.3000
179, I, A, 0.1381, 87.8600
180, P, A, 0.0000, 92.4500
181, Q, A, -0.6458, 93.6100
182, I, A, 0.0000, 94.3300
183, T, A, -0.3738, 93.5900
184, F, A, 0.0000, 94.0200
185, A, A, -0.3837, 94.3200
186, C, A, 0.0000, 95.0000
187, D, A, -2.4744, 93.4700
188, K, A, -2.6837, 91.8400
189, P, A, -2.2799, 90.1100
190, N, A, -3.1213, 92.4800
191, Q, A, -3.0811, 94.8600
192, E, A, -3.2586, 94.7600
193, C, A, 0.0000, 95.5100
194, N, A, -0.4667, 94.4300
195, F, A, 0.0000, 94.8900
196, Q, A, 0.0000, 94.2500
197, F, A, 0.0000, 94.1000
198, W, A, 0.0000, 93.0600
199, I, A, 0.0000, 90.5300
200, D, A, -1.5990, 88.2600
201, Q, A, -1.0629, 88.9600
202, L, A, -0.2344, 89.7400
203, E, A, -0.0089, 91.7200
204, S, A, 0.0000, 92.1400
205, F, A, 0.0000, 94.3500
206, Y, A, 0.0000, 94.8900
207, C, A, 0.0000, 95.4100
208, G, A, -1.0450, 94.5500
209, L, A, 0.0000, 95.4300
210, S, A, -3.1081, 94.4400
211, D, A, -3.5012, 94.6300
212, C, A, 0.0000, 95.6000
213, A, A, -1.7746, 94.9200
214, F, A, -1.0083, 92.8700
215, E, A, -1.4606, 89.9200
216, Y, A, 0.0074, 85.4800
217, D, A, -0.7128, 83.0700
218, L, A, 0.1499, 75.5000
219, E, A, -1.8045, 78.2500
220, Q, A, -2.1296, 80.6400
221, N, A, -1.6664, 84.9800
222, T, A, -1.4750, 89.4300
223, S, A, 0.0000, 90.4000
224, H, A, -1.2221, 91.7700
225, Y, A, 0.0000, 94.0400
226, K, A, -2.5243, 94.9800
227, C, A, 0.0000, 95.8400
228, N, A, -3.0574, 94.9300
229, D, A, -3.8316, 95.3900
230, V, A, 0.0000, 94.2600
231, Q, A, -2.4900, 93.6900
232, C, A, 0.0000, 94.4500
233, K, A, -1.4686, 93.7000
234, C, A, -0.9306, 92.7600
235, V, A, -0.3292, 91.7700
236, P, A, -1.2742, 88.8100
237, D, A, -2.3744, 88.2700
238, T, A, 0.0000, 89.1900
239, V, A, -0.2744, 86.2800
240, L, A, -0.3866, 86.2800
241, C, A, 0.0000, 90.3300
242, G, A, -1.7838, 85.1000
243, A, A, -1.7905, 85.6200
244, K, A, -2.2743, 80.4800
245, G, A, -1.1865, 79.1300
246, S, A, -0.6647, 80.3900
247, I, A, 0.2759, 80.5000
248, D, A, -1.8544, 86.2600
249, I, A, 0.0000, 87.8700
250, S, A, -1.6320, 87.5400
251, D, A, -2.6182, 88.2100
252, F, A, -1.4603, 88.3500
253, L, A, 0.0000, 89.9900
254, T, A, -2.2203, 88.4600
255, E, A, -2.8507, 89.1200
256, T, A, -1.7816, 88.5000
257, I, A, 0.0000, 90.4200
258, K, A, -3.1460, 91.2000
259, G, A, -2.4540, 88.7400
260, P, A, -2.2061, 92.6400
261, G, A, 0.0000, 92.2700
262, D, A, -1.6417, 93.1400
263, F, A, 0.0000, 93.4700
264, S, A, -1.0943, 92.0900
265, C, A, -1.3172, 91.7100
266, D, A, -2.3352, 91.2800
267, L, A, -1.7762, 85.9200
268, E, A, -2.6466, 85.4600
269, T, A, -1.7503, 89.4200
270, R, A, -2.3845, 90.8100
271, Q, A, -2.2018, 92.6100
272, C, A, 0.0000, 93.6000
273, K, A, -1.4509, 92.9500
274, F, A, 0.0000, 92.8600
275, S, A, -0.9241, 92.1000
276, E, A, 0.0000, 93.1300
277, P, A, -1.0600, 90.2300
278, S, A, -0.8965, 89.4000
279, M, A, 0.0000, 88.4300
280, N, A, -0.6104, 88.8600
281, D, A, -1.3052, 87.4900
282, L, A, -0.0392, 85.1400
283, I, A, 0.0000, 83.0500
284, L, A, 0.7354, 85.4100
285, T, A, 0.4677, 82.4000
286, V, A, 1.0004, 79.9600
287, F, A, 0.4083, 81.1300
288, G, A, 0.1864, 79.1200
289, D, A, -0.2650, 85.3000
290, P, A, -0.1422, 85.8300
291, Y, A, -0.1137, 87.4600
292, I, A, 0.0000, 88.5000
293, T, A, -1.0214, 92.1500
294, L, A, 0.0000, 93.5500
295, K, A, -2.3900, 94.2500
296, C, A, 0.0000, 93.7100
297, E, A, -2.3244, 93.2400
298, S, A, 0.0000, 92.7200
299, G, A, 0.0000, 92.9500
300, E, A, 0.0000, 93.1800
301, C, A, -0.4028, 92.7500
302, V, A, 0.0000, 91.0900
303, H, A, 0.0000, 89.4500
304, Y, A, -0.0292, 84.5300
305, S, A, -0.4418, 83.0600
306, E, A, -1.0458, 84.3700
307, I, A, -0.1559, 83.9800
308, P, A, -0.0619, 77.2500
309, G, A, -0.3593, 70.4900
310, Y, A, -0.1874, 71.8400
311, K, A, -1.5614, 62.3600
312, S, A, -1.1499, 61.7900
313, P, A, -1.1479, 59.3600
314, S, A, -1.6869, 56.6300
315, K, A, -1.9397, 54.1300
316, D, A, -2.3373, 52.9100
318, T, A, -0.6964, 51.8200
319, V, A, -0.1714, 56.5200
320, S, A, -0.4920, 65.9600
321, W, A, 0.4647, 70.0900
322, Q, A, -0.7488, 68.0800
323, G, A, 0.0000, 68.8200
324, K, A, -0.2839, 75.4200
325, L, A, 0.8324, 78.9600
326, V, A, 0.9720, 77.9800
327, L, A, 1.1713, 78.2200
328, A, A, 1.4235, 79.8800
329, L, A, 2.7136, 82.4900
330, T, A, 0.0000, 78.6100
331, A, A, 2.3342, 78.2500
332, V, A, 3.4290, 81.3800
333, M, A, 2.9112, 77.8500
334, V, A, 0.0000, 75.4100
335, L, A, 3.4234, 76.5300
336, A, A, 3.1446, 73.7600
337, L, A, 3.3297, 69.6500
338, F, A, 3.1838, 67.7200
339, T, A, 2.7995, 66.9300
340, F, A, 3.8421, 66.7500
341, A, A, 2.6484, 64.2500
342, T, A, 2.3029, 63.3800
343, F, A, 3.1330, 63.9900
344, Y, A, 2.5698, 60.5400
345, I, A, 1.4172, 58.5100
346, S, A, 0.5951, 58.1200
347, K, A, -0.2697, 54.2800
348, S, A, -0.1806, 59.2400
349, P, A, -0.5597, 52.3700
350, L, A, -0.3872, 52.9900
351, F, A, -0.4297, 52.2700
352, R, A, -1.8750, 50.1600
366, D, A, -3.9341, 52.5700
367, E, A, -4.2385, 50.9800
368, D, A, -4.1649, 57.5800
369, A, A, -2.8542, 58.6300
370, V, A, 0.0000, 57.5000
371, N, A, -3.7674, 60.8500
372, N, A, -3.6277, 59.1200
373, F, A, -2.1049, 61.8900
374, L, A, -2.4481, 58.9900
375, Q, A, -3.7607, 52.8300
376, N, A, -3.3673, 50.5600
377, E, A, -2.7310, 54.2900
378, D, A, -3.6364, 54.9700
379, D, A, -3.2941, 60.1400
380, T, A, -1.6721, 69.4700
381, L, A, -0.3556, 82.8100
382, A, A, 0.0000, 86.2600
383, T, A, 0.0000, 91.4200
384, L, A, 0.0000, 93.1500
385, S, A, 0.0000, 93.4700
386, F, A, 0.0000, 95.0300
387, E, A, -1.5911, 93.0200
388, N, A, -2.0131, 92.7500
389, I, A, 0.0000, 93.8100
390, T, A, -0.9342, 93.6300
391, Y, A, 0.0000, 92.5300
392, S, A, -0.9354, 89.8200
393, V, A, -0.5660, 87.3900
394, P, A, -1.1202, 79.7700
395, S, A, -0.5992, 73.0600
396, I, A, 0.7404, 66.6700
397, N, A, -0.6060, 62.7800
398, S, A, -1.1591, 57.4000
399, D, A, -1.7716, 60.0700
400, G, A, -1.1255, 64.2700
401, V, A, -0.2563, 73.4700
402, E, A, -2.0576, 76.1800
403, E, A, -1.9735, 82.9800
404, T, A, -1.3511, 85.8100
405, V, A, -0.7031, 87.4000
406, L, A, 0.0000, 92.0400
407, N, A, -1.4245, 92.0300
408, E, A, -2.2122, 91.0400
409, I, A, 0.0000, 94.1600
410, S, A, 0.0000, 94.8000
411, G, A, 0.0000, 94.7800
412, I, A, 0.0000, 95.2100
413, V, A, 0.0000, 95.2900
414, K, A, -1.0223, 93.4000
415, P, A, -0.6167, 91.5000
416, G, A, -1.1899, 91.7300
417, Q, A, -0.9089, 94.5900
418, I, A, 0.0000, 96.2900
419, L, A, 0.0000, 97.1500
420, A, A, 0.0000, 96.4300
421, I, A, 0.0000, 95.8000
422, M, A, 0.0000, 93.5700
423, G, A, 0.0000, 89.9700
424, G, A, -0.7719, 85.7600
425, S, A, -0.5048, 85.4000
426, G, A, -0.9341, 84.4000
427, A, A, 0.0000, 87.2100
428, G, A, -0.5665, 89.6300
429, K, A, 0.0000, 92.3800
430, T, A, -0.4504, 91.1700
431, T, A, -0.2952, 91.3000
432, L, A, 0.0000, 94.4900
433, L, A, 0.0000, 93.8900
434, D, A, 0.0000, 91.0400
435, I, A, 0.0000, 92.0300
436, L, A, 0.0000, 93.6400
437, A, A, 0.0000, 90.9000
438, M, A, -0.9799, 88.4100
439, K, A, -1.9093, 85.2500
440, R, A, -2.6533, 77.0000
441, K, A, 0.0000, 78.7800
442, T, A, -1.1297, 79.0200
443, G, A, -0.9251, 82.7100
444, H, A, -0.7718, 87.4400
445, V, A, 0.4145, 89.4300
446, S, A, -0.5775, 90.4000
447, G, A, -1.1221, 89.7200
448, S, A, -0.6134, 90.0000
449, I, A, -0.3295, 92.2800
450, K, A, -0.3815, 90.2000
451, V, A, 0.0000, 88.3800
452, N, A, -0.9615, 87.4100
453, G, A, 0.0000, 85.1200
454, I, A, -0.5265, 85.8000
455, S, A, -0.3969, 85.2000
456, M, A, -1.1399, 83.0600
457, D, A, -2.5003, 84.7400
458, R, A, -3.4795, 82.4700
459, K, A, -3.3186, 79.7000
460, S, A, -2.2642, 82.4200
461, F, A, 0.0000, 86.1900
462, S, A, -2.3119, 83.6000
463, K, A, -2.3583, 80.2600
464, I, A, -0.6375, 85.4700
465, I, A, -0.1480, 90.0400
466, G, A, 0.0000, 90.6400
467, F, A, 0.0000, 92.2600
468, V, A, 0.0000, 92.7400
469, D, A, -1.4153, 90.7600
470, Q, A, -1.7757, 90.1600
471, D, A, -2.2738, 88.1500
472, D, A, -1.1495, 88.8400
473, F, A, 0.2394, 88.5600
474, L, A, 0.2483, 91.6200
475, L, A, 0.0000, 90.4600
476, P, A, -0.9714, 89.2200
477, T, A, -0.7392, 88.8000
478, L, A, 0.0000, 91.4500
479, T, A, -0.9239, 93.6000
480, V, A, 0.0000, 95.0400
481, F, A, -0.6137, 95.3700
482, E, A, -0.5507, 93.6200
483, T, A, 0.0000, 94.0800
484, V, A, 0.0000, 95.0100
485, L, A, 0.0000, 93.8300
486, N, A, 0.0000, 92.0200
487, S, A, 0.0000, 91.9600
488, A, A, 0.0000, 91.0600
489, L, A, 0.0000, 91.2600
490, L, A, 0.0000, 90.7200
491, R, A, -1.0301, 88.8600
492, L, A, 0.0000, 87.6700
493, P, A, 0.0000, 83.5700
494, K, A, -2.3323, 79.0600
495, A, A, -1.0355, 76.7900
496, L, A, -0.8871, 82.2500
497, S, A, -0.8986, 84.6300
498, F, A, -0.4909, 85.7400
499, E, A, -2.1736, 85.3300
500, A, A, 0.0000, 85.3800
501, K, A, 0.0000, 88.6800
502, K, A, -1.0545, 90.6400
503, A, A, -1.2702, 90.2900
504, R, A, 0.0000, 89.2500
505, V, A, 0.0000, 92.7400
506, Y, A, -0.4357, 94.3900
507, K, A, -1.3392, 91.2900
508, V, A, 0.0000, 92.1500
509, L, A, 0.0000, 94.4700
510, E, A, -2.6279, 92.1900
511, E, A, -1.7898, 89.5600
512, L, A, 0.0000, 91.6500
513, R, A, -2.8864, 90.1700
514, I, A, 0.0000, 93.2200
515, I, A, -1.8980, 92.7400
516, D, A, -2.8396, 93.4900
517, I, A, 0.0000, 94.4400
518, K, A, -2.3342, 93.4800
519, D, A, -2.8918, 92.8300
520, R, A, -2.6613, 93.5200
521, I, A, -1.1682, 93.2900
522, I, A, 0.0000, 93.5200
523, G, A, 0.0000, 90.2600
524, N, A, -2.1927, 84.1000
525, E, A, -2.3445, 76.9300
526, F, A, -0.6255, 78.6900
527, D, A, -2.5579, 81.1300
528, R, A, -2.8862, 85.9700
529, G, A, -2.1201, 90.3600
530, I, A, -1.1874, 92.8500
531, S, A, -0.7557, 91.0600
532, G, A, -1.0369, 89.4300
533, G, A, 0.0000, 91.1600
534, E, A, -1.2001, 93.5700
535, K, A, -0.9320, 93.4500
536, R, A, 0.0000, 94.1900
537, R, A, -0.9734, 94.7100
538, V, A, 0.0000, 95.6800
539, S, A, 0.0000, 94.1300
540, I, A, 0.0000, 94.5800
541, A, A, 0.0000, 94.9100
542, C, A, 0.0000, 94.0000
543, E, A, 0.0000, 91.6500
544, L, A, 0.0000, 91.2700
545, V, A, 0.0000, 89.6100
546, T, A, -0.2233, 86.0300
547, S, A, -0.2609, 85.5900
548, P, A, 0.0000, 89.0600
549, L, A, -0.0828, 88.1200
550, V, A, 0.0000, 92.5700
551, L, A, 0.0000, 93.7700
552, F, A, 0.0000, 95.8700
553, L, A, 0.0000, 95.6500
554, D, A, 0.0000, 94.1100
555, E, A, -1.0360, 93.7500
556, P, A, 0.0000, 93.0500
557, T, A, -0.9681, 91.8700
558, S, A, -1.1242, 90.3000
559, G, A, -1.1937, 87.2000
560, L, A, -1.1398, 88.8300
561, D, A, -2.0317, 89.6700
562, A, A, -1.6393, 86.7900
563, S, A, -1.2935, 88.8400
564, N, A, -1.8816, 90.3500
565, A, A, 0.0000, 91.9900
566, N, A, -2.1188, 92.6400
567, N, A, -2.2377, 91.0800
568, V, A, 0.0000, 92.8800
569, I, A, 0.0000, 94.7500
570, E, A, -2.2889, 92.7200
571, C, A, 0.0000, 91.8300
572, L, A, 0.0000, 94.0500
573, V, A, -0.9463, 94.1300
574, R, A, -1.5294, 91.3500
575, L, A, 0.0000, 90.1800
576, S, A, 0.0000, 92.0300
577, S, A, -1.4418, 90.7000
578, D, A, -2.0888, 88.7800
579, Y, A, -1.2701, 85.0800
580, N, A, -1.9352, 88.1500
581, R, A, 0.0000, 89.8800
582, T, A, 0.0000, 93.9200
583, L, A, 0.0000, 95.8700
584, V, A, 0.0000, 96.9200
585, L, A, 0.0000, 96.1900
586, S, A, 0.0000, 94.6700
587, I, A, 0.0000, 92.1500
588, H, A, -0.9720, 85.4900
589, Q, A, -1.8463, 84.3700
590, P, A, 0.0000, 89.8700
591, R, A, -2.3650, 89.3100
592, S, A, -1.1772, 88.9700
593, N, A, -0.9896, 89.8800
594, I, A, 0.0000, 92.6600
595, F, A, 0.0000, 92.5000
596, Y, A, 0.6933, 92.1200
597, L, A, 0.3386, 93.3800
598, F, A, 0.0000, 94.8100
599, D, A, -0.8475, 95.7900
600, K, A, 0.0000, 96.0800
601, L, A, 0.0000, 95.5700
602, V, A, 0.0000, 95.2100
603, L, A, 0.0000, 93.6600
604, L, A, 0.0000, 91.7800
605, S, A, 0.0000, 89.2800
606, K, A, -2.0064, 85.1800
607, G, A, 0.0000, 87.4400
608, E, A, 0.0000, 90.1300
609, M, A, 0.0000, 91.9200
610, V, A, 0.0000, 90.8900
611, Y, A, 0.0000, 93.5500
612, S, A, 0.0000, 94.9200
613, G, A, -1.0357, 94.5600
614, N, A, -1.3550, 94.3500
615, A, A, 0.0000, 92.5300
616, K, A, -1.8601, 90.7900
617, K, A, -2.3754, 91.4100
618, V, A, 0.0000, 90.0000
619, S, A, -1.8801, 86.6600
620, E, A, -3.1966, 88.0700
621, F, A, 0.0000, 87.4800
622, L, A, 0.0000, 86.3400
623, R, A, -2.7843, 84.3300
624, N, A, -2.8561, 83.3300
625, E, A, -2.2876, 82.2400
626, G, A, -1.4716, 80.5000
627, Y, A, -0.4508, 81.7300
628, I, A, 0.4384, 80.6200
629, C, A, -0.0402, 79.8100
630, P, A, -0.7007, 84.9800
631, D, A, -2.1078, 79.4900
632, N, A, -1.9692, 82.1600
633, Y, A, -0.8393, 84.7100
634, N, A, -1.3045, 86.9100
635, I, A, 0.0000, 87.7000
636, A, A, 0.0000, 88.4500
637, D, A, -1.1567, 87.6500
638, Y, A, -0.0145, 87.2400
639, L, A, 0.0000, 87.4400
640, I, A, 0.0000, 85.0200
641, D, A, -0.9326, 83.6900
642, I, A, 0.0000, 80.2700
643, T, A, 0.0000, 78.4700
644, F, A, 0.1615, 70.7700
645, E, A, -1.2561, 61.3200
685, T, A, -0.7499, 52.9400
686, T, A, -0.9937, 55.5400
687, Q, A, -1.4050, 56.5000
689, E, A, -1.2196, 52.1600
690, W, A, 0.4598, 51.7000
691, A, A, 0.0542, 54.0300
693, L, A, 0.8489, 53.3000
694, A, A, -0.2282, 54.9000
695, A, A, -0.7911, 52.3500
697, R, A, -2.0538, 53.6900
698, D, A, -2.5685, 51.7500
699, E, A, -2.1860, 50.1500
700, I, A, 0.0419, 52.6300
724, L, A, 0.8566, 50.9000
725, N, A, -0.1515, 66.2200
726, T, A, 0.0000, 71.1000
727, K, A, -1.6507, 76.9000
728, L, A, -0.7695, 81.0000
729, L, A, 0.0000, 83.7400
730, H, A, 0.0000, 86.4200
731, D, A, -3.2986, 86.6700
732, K, A, -2.6914, 86.6700
733, Y, A, 0.0000, 88.8800
734, K, A, -2.3831, 87.9600
735, D, A, -2.6035, 88.5000
736, S, A, -1.1610, 88.4900
737, V, A, 0.8098, 90.0300
738, Y, A, -0.2962, 90.3200
739, Y, A, -0.7620, 90.3600
740, A, A, -0.9235, 90.9900
741, E, A, -1.9802, 91.2200
742, L, A, 0.0000, 91.1800
743, S, A, -1.9664, 91.0500
744, Q, A, -3.1464, 91.9500
745, E, A, -2.8847, 91.1600
746, I, A, 0.0000, 89.1400
747, E, A, -3.6830, 88.5700
748, E, A, -3.6466, 88.4900
749, V, A, 0.0000, 84.8200
750, L, A, -2.3318, 82.3200
751, S, A, -3.0023, 80.5500
752, E, A, -4.0367, 75.1100
753, G, A, 0.0000, 66.3900
754, D, A, -3.7046, 63.0100
755, E, A, -4.1584, 56.6200
756, E, A, -3.7403, 53.4900
757, S, A, -2.3113, 51.2200
768, Q, A, -2.1504, 52.7800
769, Q, A, -2.3698, 60.7800
770, S, A, -1.6391, 72.3300
771, A, A, 0.0000, 77.4500
772, G, A, -0.1200, 82.7400
773, F, A, 1.5973, 86.6700
774, L, A, 1.5946, 83.3000
775, Q, A, -0.1997, 83.3800
776, Q, A, 0.3100, 88.8400
777, L, A, 0.7455, 86.2700
778, S, A, 0.0602, 85.1600
779, I, A, 0.1208, 87.3000
780, L, A, 0.0000, 89.5400
781, N, A, -0.0916, 86.2100
782, S, A, 0.0000, 85.7000
783, R, A, 0.0000, 89.6100
784, S, A, 0.0419, 85.7200
785, F, A, 0.2588, 82.8000
786, K, A, 0.0000, 83.1500
787, N, A, -0.4160, 84.8200
788, M, A, 0.0000, 80.9500
789, Y, A, 0.4400, 77.6700
790, R, A, -1.0456, 83.3100
791, N, A, -1.3164, 77.2000
792, P, A, -0.7895, 79.2800
793, K, A, -1.5056, 83.7100
794, L, A, -0.2870, 85.3500
795, L, A, 0.5027, 85.3700
796, L, A, 1.1949, 86.0700
797, G, A, 0.7077, 88.5300
798, N, A, 0.0000, 90.3600
799, Y, A, 0.0000, 90.5500
800, L, A, 2.8685, 92.2400
801, L, A, 2.6235, 93.5600
802, T, A, 0.0000, 94.2200
803, I, A, 2.7279, 94.4200
804, L, A, 3.4079, 96.5200
805, L, A, 2.5410, 96.4500
806, S, A, 0.0000, 96.1000
807, L, A, 2.8453, 95.8200
808, F, A, 3.3075, 97.4200
809, L, A, 0.0000, 96.8800
810, G, A, 0.0000, 94.0000
811, T, A, 1.9578, 93.9900
812, L, A, 2.4157, 95.4100
813, Y, A, 1.4473, 93.7900
814, Y, A, 1.5454, 92.8500
815, N, A, -0.4622, 88.2300
816, V, A, 0.0000, 89.5700
817, S, A, -0.6966, 85.6600
818, N, A, -0.7383, 84.2300
819, D, A, -0.9747, 85.1100
820, I, A, -0.1030, 84.5500
821, S, A, -0.5472, 88.1000
822, G, A, 0.0000, 88.9200
823, F, A, 0.0000, 90.4600
824, Q, A, -1.3256, 91.0100
825, N, A, -0.9238, 93.5100
826, R, A, 0.0000, 93.2600
827, M, A, 0.0000, 92.4200
828, G, A, -0.2623, 94.2000
829, L, A, 0.0000, 96.8700
830, F, A, 0.0000, 96.4400
831, F, A, 0.6207, 96.2600
832, F, A, 0.9356, 96.9600
833, I, A, 0.0000, 97.5200
834, L, A, 0.0000, 97.5300
835, T, A, 0.7578, 96.2600
836, Y, A, 0.7426, 96.5100
837, F, A, 0.0000, 95.9300
838, G, A, 0.0000, 94.2000
839, F, A, 1.2006, 94.7100
840, V, A, 0.7995, 93.2700
841, T, A, 0.0000, 91.8500
842, F, A, 0.6795, 92.4000
843, T, A, 0.2522, 90.0300
844, G, A, 0.0056, 87.2800
845, L, A, 0.0000, 89.4700
846, S, A, 0.2014, 86.7400
847, S, A, 0.3297, 86.4400
848, F, A, 0.0000, 89.6100
849, A, A, 0.3648, 87.9700
850, L, A, 1.7723, 84.0700
851, E, A, 0.8867, 89.0400
852, R, A, 0.0000, 90.2300
853, I, A, 0.9818, 88.1400
854, I, A, 0.0000, 89.3600
855, F, A, 0.0000, 91.5300
856, I, A, -0.0525, 88.4200
857, K, A, -0.4896, 87.3700
858, E, A, 0.0000, 89.8000
859, R, A, -0.7713, 86.1700
860, S, A, -1.2129, 80.4700
861, N, A, -1.1341, 82.2500
862, N, A, -1.7371, 82.8100
863, Y, A, 0.0000, 86.5600
864, Y, A, 0.0000, 88.6500
865, S, A, -0.1174, 89.0700
866, P, A, -0.0928, 90.8400
867, L, A, 0.6960, 91.7500
868, A, A, 0.0000, 91.2200
869, Y, A, 0.0000, 92.1900
870, Y, A, 0.0000, 92.7700
871, I, A, 0.8617, 90.9300
872, S, A, 0.0000, 89.7900
873, K, A, 0.0000, 90.1400
874, I, A, 0.8580, 88.5300
875, M, A, 0.9541, 84.9900
876, S, A, 0.0000, 82.4400
877, E, A, 0.0000, 82.8300
878, V, A, 0.0000, 85.6000
879, V, A, 1.1873, 84.6200
880, P, A, 0.7590, 84.4900
881, L, A, 0.0000, 87.6300
882, R, A, 0.0000, 90.9600
883, V, A, 0.8516, 89.4400
884, V, A, 0.8431, 89.5900
885, P, A, 0.0000, 92.4400
886, P, A, 0.0000, 94.3500
887, I, A, 0.0000, 92.2400
888, L, A, 0.7880, 92.2400
889, L, A, 0.0000, 95.3800
890, S, A, 0.0000, 92.9000
891, L, A, 0.6697, 91.5700
892, I, A, 1.1988, 92.4800
893, V, A, 0.0000, 94.3600
894, Y, A, 0.0000, 92.3900
895, P, A, 0.1276, 89.8800
896, M, A, 0.7519, 90.8000
897, T, A, 0.0000, 91.7400
898, G, A, -0.2832, 87.0700
899, L, A, 0.0000, 89.4200
900, N, A, 0.0000, 84.7200
901, M, A, -1.4927, 82.9800
902, K, A, -3.0086, 80.8000
903, D, A, -3.1719, 80.0200
904, N, A, -2.4927, 84.8800
905, A, A, 0.0000, 88.3500
906, F, A, 0.0000, 91.1000
907, F, A, -0.1182, 90.9500
908, K, A, -0.8157, 91.8900
909, C, A, 0.0000, 94.7700
910, I, A, 0.0000, 93.4800
911, G, A, 0.0838, 93.3600
912, I, A, 0.0000, 96.8000
913, L, A, 0.0000, 96.8300
914, I, A, 0.5922, 95.8200
915, L, A, 0.5518, 96.0900
916, F, A, 0.0000, 97.4300
917, N, A, 0.0000, 95.2000
918, L, A, 0.6924, 94.5000
919, G, A, 0.0000, 94.9500
920, I, A, 0.0000, 95.7200
921, S, A, 0.0000, 94.5800
922, L, A, 0.0000, 94.6400
923, E, A, 0.2390, 94.7200
924, I, A, 0.0000, 94.7000
925, L, A, 0.0000, 93.6900
926, T, A, 0.0000, 94.2200
927, I, A, 0.0000, 94.0200
928, G, A, 0.0000, 92.5900
929, I, A, 0.0000, 92.5100
930, I, A, 1.2507, 91.8000
931, F, A, -0.2441, 90.7600
932, E, A, -2.1088, 86.0000
933, D, A, -2.7150, 90.4300
934, L, A, -1.0307, 91.1500
935, N, A, -1.4999, 93.8300
936, N, A, -1.2699, 93.0300
937, S, A, 0.0000, 93.7800
938, I, A, 1.2363, 94.6300
939, I, A, 2.1666, 95.1300
940, L, A, 2.0465, 94.7600
941, S, A, 0.0000, 94.8400
942, V, A, 2.5984, 95.6400
943, L, A, 3.0173, 94.7300
944, V, A, 2.4085, 94.1700
945, L, A, 0.0000, 94.5600
946, L, A, 1.9592, 93.9900
947, G, A, 1.4804, 91.3700
948, S, A, 0.0000, 92.5200
949, L, A, 0.0000, 93.1300
950, L, A, 1.5796, 91.1300
951, F, A, 0.0000, 90.1600
952, S, A, 0.0000, 90.0200
953, G, A, 0.0000, 86.1900
954, L, A, 1.6317, 88.1300
955, F, A, 2.4378, 86.2700
956, I, A, 1.0631, 82.4700
957, N, A, -0.4464, 76.9100
958, T, A, 0.0000, 73.3600
959, K, A, -2.3556, 73.1400
960, N, A, -2.3239, 73.2300
961, I, A, -0.9290, 74.3500
962, T, A, -0.6767, 75.4200
963, N, A, -0.1302, 80.3700
964, V, A, 1.7949, 79.7000
965, A, A, 1.5359, 79.7000
966, F, A, 1.7438, 80.3400
967, K, A, 0.9047, 78.9700
968, Y, A, 2.1213, 83.1700
969, L, A, 2.1076, 83.0900
970, K, A, 1.0837, 84.6000
971, N, A, 0.7490, 87.4300
972, F, A, 1.9704, 89.2700
973, S, A, 0.0000, 92.8600
974, V, A, 0.0000, 94.8600
975, F, A, 0.0000, 95.3500
976, Y, A, 0.0000, 93.6000
977, Y, A, 0.0000, 94.9500
978, A, A, 0.0000, 96.5000
979, Y, A, 0.0000, 95.8500
980, E, A, 0.0000, 93.9100
981, S, A, 0.0000, 94.9000
982, L, A, 0.0000, 95.4700
983, L, A, 0.0000, 94.0600
984, I, A, 0.0000, 92.6800
985, N, A, 0.0000, 92.5800
986, E, A, 0.0000, 91.4700
987, V, A, 0.0000, 89.5600
988, K, A, -1.3583, 84.9900
989, T, A, -0.9815, 80.5400
990, L, A, -0.1643, 83.9800
991, M, A, 0.1723, 81.0000
992, L, A, 0.0000, 81.4200
993, K, A, -1.3783, 78.2900
994, E, A, -2.0656, 79.9300
995, R, A, -2.7464, 76.3500
996, K, A, -1.6951, 73.5100
997, Y, A, 0.0180, 76.5500
998, G, A, -0.9324, 71.8800
999, L, A, 0.0000, 78.8800
1000, N, A, -1.7042, 75.1800
1001, I, A, -0.9868, 78.5700
1002, E, A, -0.6636, 77.4600
1003, V, A, 0.1783, 81.2000
1004, P, A, 0.0251, 82.8200
1005, G, A, 0.0000, 81.8400
1006, A, A, -0.2181, 84.0000
1007, T, A, 0.1611, 83.3500
1008, I, A, 0.2673, 82.6800
1009, L, A, 0.0000, 85.9700
1010, S, A, 0.2880, 84.0600
1011, T, A, 0.0714, 81.6500
1012, F, A, 0.4406, 80.6700
1013, G, A, -0.2118, 79.8200
1014, F, A, 0.0000, 85.5700
1015, V, A, 0.9428, 84.2100
1016, V, A, 0.1452, 82.2400
1017, Q, A, -0.3893, 85.8400
1018, N, A, 0.5591, 88.2500
1019, L, A, 1.0148, 89.8100
1020, V, A, 1.8524, 91.4600
1021, F, A, 1.2373, 93.6300
1022, D, A, 0.0000, 93.2700
1023, I, A, 0.7889, 93.5200
1024, K, A, -0.2337, 94.1900
1025, I, A, 0.5850, 94.7000
1026, L, A, 0.0000, 94.9500
1027, A, A, 0.8269, 94.0900
1028, L, A, 1.6517, 95.6600
1029, F, A, 1.8928, 95.2400
1030, N, A, 1.8001, 94.7000
1031, V, A, 3.2118, 94.1800
1032, V, A, 2.7921, 95.4500
1033, F, A, 2.2147, 95.0300
1034, L, A, 2.6299, 93.4200
1035, I, A, 2.7837, 94.7800
1036, M, A, 2.0302, 94.2800
1037, G, A, 0.0000, 93.1000
1038, Y, A, 1.3777, 93.6300
1039, L, A, 1.4684, 93.2100
1040, A, A, 0.0000, 90.6900
1041, L, A, 0.0000, 90.5500
1042, K, A, 0.5087, 88.2400
1043, W, A, 1.8593, 84.9400
1044, I, A, 1.9193, 83.4100
1045, V, A, 0.0000, 78.7200
1046, V, A, 0.0582, 70.7500
1047, E, A, -1.8151, 62.5300
1048, Q, A, -2.5822, 52.4800
1049, K, A, -2.8735, 51.0600
