RESIDUE_ID, RESIDUE_NAME, CHAIN, A3D_SCORE, AF_SCORE
1, M, A, 0.1381, 42.3300
2, N, A, -1.7656, 40.1200
3, Q, A, -2.5485, 38.7300
4, N, A, -3.1031, 43.3300
5, G, A, -2.9221, 41.3700
6, D, A, -3.8684, 42.8400
7, K, A, -3.9625, 44.1400
8, N, A, -3.9073, 43.5800
9, E, A, -3.5402, 47.5500
10, G, A, -2.1231, 50.3800
11, K, A, -1.5339, 50.9000
12, L, A, 1.1193, 59.5200
13, F, A, 1.9853, 64.9200
14, Q, A, 0.5449, 60.1500
15, L, A, 1.7565, 54.2600
16, P, A, 0.7137, 64.8100
17, S, A, 0.5398, 69.3500
18, L, A, 1.6265, 61.5900
19, P, A, 0.3632, 58.2900
20, P, A, 0.0598, 62.4100
21, W, A, 0.3869, 55.2500
22, K, A, -1.6160, 50.4100
23, T, A, -0.9291, 57.9000
24, P, A, -1.1087, 50.6400
25, R, A, -1.9312, 54.0200
26, F, A, -0.2335, 55.8300
27, N, A, -1.7217, 47.7700
28, K, A, -2.0649, 54.7700
29, A, A, -1.1700, 54.0600
30, N, A, -1.2033, 45.0100
31, F, A, 0.4938, 50.1300
32, N, A, -1.0038, 54.4900
33, N, A, -0.7211, 52.9600
34, F, A, 0.9863, 47.4100
35, T, A, -0.0431, 40.7800
36, T, A, -0.0852, 45.0800
37, P, A, -0.2039, 51.9300
38, L, A, -0.1245, 49.5800
39, R, A, -2.3219, 41.0800
40, K, A, -3.2760, 46.1200
41, R, A, -3.3677, 37.5400
42, S, A, -2.2652, 44.5100
43, T, A, -1.0635, 37.1000
44, R, A, -0.9131, 43.0000
45, V, A, 1.1560, 37.7400
46, I, A, 0.8992, 44.0300
47, N, A, -1.5044, 33.5400
48, D, A, -2.3700, 35.3400
49, D, A, -2.5791, 36.3300
50, S, A, -1.1234, 32.3000
51, M, A, 0.4708, 35.7600
52, P, A, 0.8791, 31.6600
53, I, A, 1.6436, 36.8200
54, T, A, 0.5220, 34.4500
55, G, A, -0.0245, 29.9000
56, E, A, -0.6998, 31.5600
57, V, A, 0.6413, 34.7200
58, L, A, 0.1453, 39.3400
59, E, A, -2.2135, 37.5800
60, E, A, -2.9283, 36.9900
61, R, A, -3.5300, 34.7500
62, T, A, -2.4822, 37.6800
63, A, A, -1.4276, 46.6000
64, D, A, -1.9854, 40.6800
65, D, A, -1.7941, 43.1600
66, L, A, 0.7070, 45.7200
67, Y, A, 1.2168, 43.7100
68, G, A, 0.2638, 32.0000
69, I, A, 1.3571, 39.2200
70, N, A, -0.1298, 38.2000
71, M, A, -0.0627, 41.8400
72, D, A, -1.2665, 38.1500
73, V, A, -0.1392, 55.2500
74, D, A, -1.7780, 47.0900
75, E, A, -1.3357, 51.3000
76, V, A, 0.4105, 53.1700
77, D, A, -0.9591, 51.0100
78, Y, A, 0.4941, 49.5900
79, L, A, 1.1697, 51.8000
80, N, A, -0.5673, 50.6400
81, T, A, 0.0412, 51.5500
82, L, A, 0.1606, 49.5400
83, S, A, -1.2134, 50.5900
84, H, A, -1.9726, 49.0900
85, I, A, -1.2067, 54.5100
86, E, A, -3.2601, 52.7800
87, E, A, -4.0996, 58.1300
88, E, A, -3.9511, 65.5400
89, K, A, -3.9132, 74.9400
90, Q, A, -3.2035, 81.2100
91, Y, A, 0.0000, 85.7900
92, D, A, -2.1294, 83.6600
93, Y, A, -1.5754, 86.4300
94, S, A, -1.4526, 84.0300
95, P, A, -0.2862, 83.6400
96, F, A, 0.4481, 85.3300
97, C, A, -1.1207, 82.8800
98, E, A, -2.7532, 81.5600
99, R, A, -3.1185, 82.1000
100, N, A, -2.6082, 75.3200
101, T, A, -1.9940, 78.6700
102, L, A, -2.4415, 84.5200
103, R, A, -3.4196, 88.0400
104, E, A, -3.6741, 87.6600
105, S, A, -2.9420, 90.3900
106, R, A, -3.4701, 89.8700
107, I, A, -2.7071, 88.5300
108, D, A, -3.3534, 89.0100
109, S, A, -2.2540, 90.8500
110, F, A, -1.3229, 90.9200
111, L, A, -1.7936, 88.8000
112, K, A, -2.4865, 89.3600
113, A, A, -1.0047, 88.6200
114, E, A, -0.7776, 88.7500
115, R, A, -0.8716, 86.4700
116, A, A, -0.0695, 84.7300
117, A, A, 0.9245, 84.4100
118, H, A, 0.0000, 85.4600
119, C, A, 1.6078, 82.4200
120, L, A, 2.5527, 79.4700
121, V, A, 2.8964, 77.8100
122, F, A, 2.7347, 80.2200
123, H, A, 1.2331, 77.5100
124, K, A, 0.1481, 67.6700
125, V, A, 1.4621, 67.2800
126, G, A, 0.8807, 64.8300
127, H, A, 0.2190, 68.1300
128, L, A, 1.0137, 62.4900
129, D, A, -1.0852, 62.5600
130, G, A, -0.6861, 61.3500
131, I, A, -0.0429, 65.0500
132, D, A, -1.8584, 68.4800
133, S, A, -0.8786, 71.2600
134, Y, A, 0.0000, 78.4800
135, R, A, -1.2468, 83.1200
136, P, A, 0.0000, 78.3000
137, D, A, -1.1803, 76.6100
138, I, A, -0.9720, 78.5400
139, D, A, -0.5600, 74.7000
140, I, A, 1.6678, 71.3900
141, M, A, 0.8168, 66.2600
142, C, A, 0.0288, 66.0900
143, G, A, -1.1454, 58.8900
144, E, A, -2.7029, 53.3000
145, E, A, -3.1980, 48.8000
146, A, A, -2.3398, 48.8700
147, N, A, -3.3155, 44.7300
148, K, A, -2.8667, 44.2200
149, Y, A, -1.0058, 47.2800
150, D, A, -2.3404, 43.7200
151, S, A, -1.7290, 44.1600
152, A, A, -1.5612, 43.7800
153, N, A, -2.6547, 40.0900
154, P, A, -2.2620, 47.9600
155, E, A, -3.0308, 44.9400
156, G, A, -2.3262, 45.0400
157, N, A, -2.2529, 46.8800
158, G, A, -1.1655, 51.6000
159, S, A, -0.2777, 51.7200
160, M, A, 0.5502, 54.7100
161, L, A, 1.8710, 61.3800
162, L, A, 1.2645, 59.3200
163, E, A, -0.9181, 67.1400
164, S, A, -0.6199, 69.6800
165, V, A, 0.0158, 73.4400
166, P, A, -0.2180, 70.3800
167, G, A, -0.8496, 78.9300
168, C, A, -1.2624, 76.7500
169, N, A, -3.0470, 80.3600
170, K, A, -3.7868, 79.8100
171, E, A, -3.5381, 76.2100
172, D, A, -3.0575, 75.5300
173, L, A, 0.0000, 72.0700
174, E, A, -3.7101, 74.4500
175, R, A, -3.7696, 71.7800
176, L, A, -1.0407, 64.9600
177, S, A, -1.9309, 65.0100
178, R, A, -3.2527, 67.8300
179, R, A, -2.7431, 56.1200
180, E, A, -2.5221, 57.2200
181, F, A, -0.3749, 50.7400
182, V, A, 0.2276, 52.3900
183, T, A, -1.0561, 50.2900
184, N, A, -1.7502, 50.8900
185, S, A, -1.5514, 48.0500
186, K, A, -2.4477, 52.5800
187, P, A, -2.2836, 54.7300
188, N, A, -2.7993, 51.6600
189, M, A, -2.2667, 54.7000
190, R, A, -3.6190, 61.8000
191, R, A, -3.2714, 72.8300
192, L, A, -1.4656, 77.6600
193, D, A, -2.7736, 83.6900
194, D, A, -2.3685, 87.0600
195, I, A, -0.7188, 86.3500
196, I, A, -1.2589, 88.2300
197, N, A, -2.2645, 90.2500
198, H, A, -1.7829, 90.5800
199, E, A, 0.0000, 92.9800
200, T, A, -1.5652, 91.7500
201, N, A, -1.9564, 92.0700
202, A, A, -1.0049, 90.7100
203, L, A, 0.0000, 92.0100
204, K, A, -1.6761, 92.5100
205, S, A, -0.9352, 89.4900
206, F, A, 0.4141, 89.7500
207, W, A, -0.4275, 90.3500
208, N, A, -1.8441, 89.0400
209, D, A, -2.5561, 87.5600
210, S, A, -1.1697, 87.0500
211, G, A, -0.9062, 88.5000
212, L, A, 0.3613, 86.0200
213, V, A, 0.0000, 88.6400
214, N, A, -1.4808, 88.4300
215, S, A, -0.7423, 90.2400
216, L, A, -1.0708, 88.2500
217, Q, A, -1.9878, 91.1700
218, S, A, -1.7740, 87.2500
219, H, A, -2.2965, 89.3300
220, H, A, -2.2803, 91.8300
221, L, A, 0.0000, 91.6800
222, H, A, -1.4208, 92.7000
223, E, A, -1.9763, 92.9800
224, E, A, -1.0146, 92.7500
225, Y, A, -0.5799, 94.5100
226, L, A, 0.0120, 93.6500
227, L, A, 0.0866, 93.9200
228, L, A, 0.0000, 92.5500
229, Q, A, -1.3083, 93.1000
230, E, A, -2.3311, 93.3100
231, E, A, -2.2195, 91.3800
232, L, A, -1.0106, 90.6300
233, K, A, -2.4095, 91.5900
234, N, A, -1.6838, 88.7600
235, V, A, -0.2948, 86.9000
236, Y, A, -0.0458, 87.3700
237, K, A, -1.3066, 84.3300
238, I, A, -0.0762, 81.0300
239, K, A, -1.4945, 78.5400
240, C, A, -0.8688, 70.3700
241, H, A, -1.6472, 59.7900
242, D, A, -2.3743, 56.6000
243, R, A, -1.7305, 52.5100
244, V, A, 0.1745, 58.1700
245, P, A, 0.1094, 53.4600
246, I, A, 1.0621, 57.0300
247, E, A, -0.9256, 65.2500
248, S, A, -1.0242, 74.4400
249, L, A, -0.6429, 76.4300
250, R, A, -2.9891, 79.1500
251, D, A, -3.1714, 82.3700
252, K, A, -3.3065, 80.0700
253, C, A, -2.5669, 79.5200
254, R, A, -3.7158, 81.3300
255, R, A, -4.1238, 79.5000
256, H, A, -3.2866, 79.3800
257, Y, A, -1.9208, 77.6300
258, S, A, -2.6734, 71.6800
259, N, A, -3.5248, 61.4200
260, E, A, -3.1794, 56.4700
261, D, A, -2.4154, 54.4100
262, S, A, -1.1565, 52.3000
263, S, A, -0.1634, 47.9200
264, F, A, 1.7971, 46.1600
265, L, A, 2.1773, 45.1000
