RESIDUE_ID, RESIDUE_NAME, CHAIN, A3D_SCORE, AF_SCORE
2, M, A, 3.7753, 75.7400
3, I, A, 4.8420, 73.5000
4, I, A, 4.9397, 75.0900
5, I, A, 4.7027, 78.2300
6, F, A, 4.5566, 74.1800
7, I, A, 3.6169, 78.9600
8, E, A, 1.6640, 80.2600
9, L, A, 2.5552, 79.4600
10, C, A, 2.0769, 76.5100
11, R, A, 0.0071, 79.2600
12, I, A, 1.4703, 77.3500
13, A, A, 1.1288, 70.9500
36, I, A, 2.3306, 70.8000
37, A, A, 1.3601, 72.6800
38, L, A, 1.6820, 77.2000
39, L, A, 0.9717, 74.8600
40, K, A, -0.8054, 77.3900
41, M, A, -0.0833, 78.6600
42, E, A, -1.5084, 70.6100
43, S, A, -1.3877, 70.3900
44, Q, A, -1.7289, 70.3600
